17
50
68726396 1063437465 1005899102 431072812 1023304128 132109275 675294774 483626524 402717167 85233517 1014282969 634791335 1001976424 353190550 949628443 1015912231 101123550 887418684 221301430 201787704 195853695 533752717 257845504 1024330045 987029605 230129731 916669177 948656910 626785540 46974312 1043638632 24321882 621469812 63406912 614186690 336744125 801635542 176009234 748746793 967151477 661048240 165927309 517310846 649979166 766669683 438577726 773814055 425469099 281094825 77567124
15
2 3 2 2 2 2 2 2 2 2 4 5 6 7 2
3
611252546 164421524 236545376
3
37844378 1042455423 1013182181
3
463346145 237896398 1029966496
3
390680231 788148044 968057323
3
962815211 962815211 962815211
3
951205662 1002582445 57675443
3
428464536 704056685 1006202384
3
204578608 953270955 887119259
3
471021015 874370351 124258160
3
246652649 246652649 246652649
3
968364309 508770146 669671791
3
49072859 49072859 49072859
3
168965290 69599903 865020761
3
878355675 74283288 983235708
3
1005964181 298224847 231575579
