1000
39665786843118
56899996280538
58610098947429
63232781911084
23634500814327
59240537760312
38895061688800
44191809203063
61404274450299
94295604272241
39834872038998
36586447544499
58748709312926
47049601097109
63735406621733
27199660222016
69747855268672
36958563965596
42731057140413
45779068928522
84321556075685
40731174533292
71653585888391
37047298627719
73108760560236
9239801356048
49220309607365
14381675341668
83993137172358
17368925315989
5590526681579
51546683833061
9277493728339
10342446633168
91739611735944
42769535248706
2742600686937
70270509823049
36842529284132
65079398768887
97753833201658
86106952929559
92293402648626
34491764092970
93753283872652
1450180272702
25669972263528
87972074400603
79489258468667
31659223596523
23791878832075
58888030727494
70271369998750
68910097002687
97672306945595
18976354276312
97595751183996
94943974607572
91291017111523
88394400972436
23265775257906
14520404905526
70292102697788
14552526320816
47353724006370
23138078019587
26069329800174
23488393706574
67364027497767
3738003356643
34205566814823
4997542971428
4193760784440
70749919209552
82478235252944
96054933045351
74126873400348
87834162348052
58359243696662
71472156474512
35181502852625
10630478681867
25760063581165
86238778764869
5827372415216
23496802074140
26603147274088
31410741182844
67097825187942
85426035613714
1737334430804
18473086750966
39770635494374
61048147316255
75832868571690
28694923924724
68914496131233
6681430327193
85606188783768
4502679991221
77918731102220
86929844930883
28078251293652
93083371321072
92141393427772
11059386384265
10668437645681
7562138763495
51014277965924
86456131940845
17891061787460
75630323051263
10783198661294
35733880607856
26662730892283
16539854686445
61938378262396
4480208901953
71272942172464
32193764235733
1940193641276
66120970469238
20706204711005
12574885316721
49813943706266
60252021097611
75916701667787
65887123314992
65261448530372
3501774167385
48955695171680
38046571277934
9262949470433
42362249594536
5241386189600
78443802142200
80428902492024
10787397470672
98021227758408
24360362891224
58656319355120
70407050581161
73901927632397
73103761730426
26425136902335
23717286441227
52347290649161
73966772731917
66136514960622
22445781821189
50413334547374
29597690292624
68461628654205
95108968098051
23976610309226
93124402936332
99179825903315
53903549827711
59875835483364
40235945658685
17910725881262
8962176916372
88068176552625
66668297461749
84342395368847
3679666632496
19783908025145
44071998876333
48337169331700
79012069689375
60243539739401
28639658284063
96783903819541
52414818410763
86355291373024
1535260500115
10697716496841
97916414093111
22895151740295
71434177621143
64426206216691
79837577962639
3975380488354
75167385932503
57114061744130
53617019662354
23720999450202
48889790941576
63753665272649
15104901452341
46325590114934
89957347584347
24030731708935
28486652666137
46296716887089
45201054064645
41085241820238
84281574131135
29828162747957
70842175875377
8898080572072
60768126577904
10249327812962
56021394091702
96943803318184
33508674610726
62516786956703
75480002225149
22503353897444
56063724848971
52589110787981
13613149267610
67395228040181
37334732781108
38974793410961
47539741506511
97911227534037
85853508084866
89853844426469
70003931565864
76334449578758
5363071310832
32042631063485
84333389511320
97296548086451
10660232363712
39241555704930
56826877103596
4029963091348
38989896563377
14772610982185
16797097033936
86118604993157
13250471785468
50172800826056
31940574492183
26566032464387
12992224759089
19051852000814
47322486551083
31318547886139
29850085928189
6572513427879
11263831331438
85324967419492
43478071694393
87584734683915
69930097508183
5293818751182
463759248160
45463560583347
2280339346450
33512361497298
94415136650664
69444005330995
91587253112902
88476457143683
7126206039762
32242755472556
74221732768090
17721878397666
51971360250232
21662328051625
81008960106545
1258739508711
27944095055022
51704589294906
99143856508397
38317793839667
25231868782936
79767441468758
9253236037816
71303729440688
27331490271753
47245408307043
76274524290693
22570377833776
47246910797855
11175615536240
93912981439518
9678420576035
80795207122411
40953249018472
4082592853234
82250310454458
65841204646022
38607115604322
32513323956937
9702217645939
13053249492832
54233727049734
81208416435910
26705235821588
7873926869256
78504898293214
33315166034152
50160663082998
21649437984237
50316257474272
28365654980445
87502520955667
5600003353398
78467613845769
55312245927001
20194946878443
634832404000
98412753571213
53919141446659
86861296871964
67566299281298
75754585525074
28309254403708
23858433337803
79957599929873
30919757119342
66483864895862
88901135248830
94488325496572
17510553113451
27426067605828
81843332130928
13155348312518
98016243619458
90422886032277
76814161708472
12495433351341
37398903268327
68318300586209
95010252144684
36359443892458
86153613986253
1649914532635
29613453955566
53031433917189
5395146023800
12131515345545
88920128431775
79279064615412
60742648768967
35282358285551
93958206545393
70037390792117
56417628303820
29270597934113
82025300895789
7440432382502
65860773421531
90304615527762
33821538108234
69245150405967
46708762363128
35678390302629
51141810931034
30490500997569
13450523585813
61301015078379
57670736434221
45875905839372
65766843389962
94652127136450
52610323471848
31961196533783
22966809940180
41458118337069
67703700342609
77537213982049
88921069440456
35892993804942
70739398669531
37152062688012
28758662770586
11581535544457
19854279307106
15783337438983
70758369342091
70590589898593
79794928320737
39107987572455
17106689957090
58959013230239
7171398125663
98300579404642
14789968070380
72108313005722
50956073160272
11185239642076
54542283786124
27817989841272
89628247398113
62534343075690
76900170592019
2844256164555
66854267735191
1571719156180
65245543945225
31569364792667
20619046565801
90375253191919
51839700954529
17581173800494
83347155041145
28448340206991
3851591355217
86103432936071
23952962094319
65720613769726
49583859375396
35146165390899
63097160072255
77047951023611
3857131714619
40734740893546
87862745465456
95059587433566
24407856942411
59080129922109
87755999497716
15694115768812
31476198646088
51339733183438
96241719318625
70132174176702
24763042692522
20075299663391
66690164313000
37473648222963
74349703220589
30745781031175
59882434057982
25434586344963
19212668412016
5370511904935
97531181519901
8667864412949
25879392823496
77603915728034
74117059668417
83843589229737
12166889213727
47926728936536
9415687804706
35390325708476
64624489599762
45880318636482
86313869827102
20884022822011
54873452978996
86674592548930
62173970404161
63842402259522
82203855500464
3480994768566
21013361355565
80141942404976
21088970541218
17343163387328
18056509297843
51272183108753
90821891789386
22732228865550
58910334382430
13091720100115
64448643639907
15827149309034
83240123696830
14622081328436
16269657132104
5926029215965
91953539348113
44906990682622
88896706611190
59575662081584
41931601092341
85997158580091
31692432685903
20853743708165
98634795796460
38375487356897
31448078856994
94920927935864
41258734828769
99823686882409
731029549659
93518628261306
24875074567761
6309774685585
25959518182458
52316207703151
86444195123461
89115631095160
81849680151936
44979019870472
16570972654548
65553941619312
68216080752777
17816440176102
5692397553958
26793467830988
24577548960369
4809816576858
13364347894163
66007729554299
63520352579244
16024523702187
91558665432659
84879062218888
22729550035723
49683568249116
90731997450933
50464946943272
3179365903200
51896644026953
45948569414064
85113507581558
10071793642146
38890419046113
94251674366949
72449229875518
97244309347871
83465136252826
65694427424161
63461031374227
52751262482648
53876405621767
89458690677192
62174725409315
79435450388124
34629114843139
2189812757239
75373234095659
15622321639300
97963368335073
7184414970465
56456705032922
74546527491559
3026495254062
81644158900520
57445275742736
56563751676951
84078519342412
31346531233924
36646798602003
15246067839253
43363530700597
29498960175419
74999672174320
26093505215143
52934959106196
79303714562830
70438874067361
13721147686731
27961930673462
69875747087403
17826568144081
76296561558069
78821291519128
33009347643382
96181537294881
57528978545396
32360335600876
10867245820753
43342529598883
81429033219975
90693771449725
14986844138861
88583840518728
43299173441794
9296035694320
23624719089830
73799265736739
19891347038299
31536685359306
78021032274827
67095447232063
29461922621755
56478595767710
26521393724205
84161686501921
40902094033839
68400734460044
76649241181684
43389094131557
32741653937692
9657759118631
30032099842200
16429694258083
33629216676077
26555009160291
62113234886070
88809564708349
85143417345674
5521580098719
28906364396123
24009963446507
34249103186764
45688152222923
45970237061811
59273310060496
14677424936395
52738904509107
94818164483099
63351092063792
82824294170744
11899883719660
35728271025831
86309663620571
14669318924573
53587418079664
97997307220542
90499032632544
20236031152250
41328555445908
737397330778
62934002318271
59421804250937
83989366994300
63715795893261
88492334014600
832534767371
20696167764721
27498522477035
20493118508742
6728311395388
25519751895899
84700668237584
42977996243702
62547512215477
13258841839419
55227593751349
51447443502769
74108830679033
60932650199968
44233053016596
42131886348773
42076144306822
26774709474490
44032600190439
89034968629209
57047550199156
85019726727519
14131361932927
739061859829
87080789938713
36848540857645
40690495533209
87927104945849
29579369710446
13005186925600
44747815534406
51781901439018
80613706255088
69268336104755
41688948019280
98114600060331
62452232974999
39004995984898
64376452382912
67079661867155
88369292217752
96197743996876
57787008975323
18958089370668
81360806647995
90004676038194
94358858998132
42521540416968
49948473904277
77478447093242
53428401546477
3298949668543
38907379685604
41219386719616
39163231296252
7991569580657
46886582550992
30508877318384
40708795741914
24625777691436
41859224518754
96061964860335
62192798056205
72834703993108
98186550301583
59388672250610
55117904007570
25896720048712
23725951209541
62320529644564
94553455068195
90917091241352
28478281378385
89594440923318
27533705180535
95427476218802
44296851491980
59593514146020
55057225731031
33870128462584
76734104543407
63938184080338
93074259247319
89015162381006
67362725328850
88050206502944
58082774770172
27178591469493
34491074073256
50923733424174
57809982081569
88597717204988
12513851424724
38743618314047
99821181329324
38723319640711
60918610941883
42332212880363
17919440243688
87900512492095
41601024531360
86775501500132
12825158742582
80721839866326
51568256835398
14887367637339
97979754812723
41776228873023
28295909642628
23654721251116
36639326705554
76973693906043
24270331866644
29837820201808
95456241279383
55648336078403
34148019538852
14006755422680
74282796214829
29781695861550
25607415692128
34862681843514
28578807870356
58183523521229
66242912699440
22700741225454
62870453285852
96880734126141
1621020212785
41355826331629
33102530098736
53676286425316
11240448659179
20752321636607
93570943728172
79778634358594
8961642797830
1662588897420
99278315476609
34555002198143
14572650179390
79032264048666
11473889989259
65446373461851
24382723580254
33204798601911
11351460911847
71049590576894
11621612152787
403621070057
28357402433458
99778519006347
96711040753397
73102672019548
63469534927441
16681309270306
21756820440781
6519615305661
63028406702947
23322778897693
61916352736028
49140243422581
43091947799492
87687100824718
24985376280488
37875280946038
92751171755701
80076491375491
18780951250542
87782113721157
14417916586252
65876984193487
69380885596490
22454307331642
72271228560762
12364260037862
74358503292173
22282776159619
70519675691915
87137508646244
89579652036449
67321977441294
15652536421532
24999442532783
74473329566620
92549552179645
37178983998354
58433466899085
43062269497432
84726042084556
13183511937176
94231437152750
89972160226382
69740951010762
73591346520429
99427901842878
71203928844886
72682111378926
84438908764472
80823395882854
66308471440181
90218567216508
52324129198218
74095167461185
67821425141535
64265100997912
65009157864347
66928969327854
30410765692439
53019601740342
57769701088228
59915169913709
90822224882957
5234254504164
89400512627524
81268716921974
30173823559642
33133638369467
7621908418849
22469076046734
22349910036276
80130353734136
72342670702325
54115901348942
64754844571060
14227592161626
47485091071395
2031645320216
47361979973957
1048125333976
87651837140388
3025615917182
30170516661658
20103085683861
59884731526041
63039712129804
14931791851791
13392134034689
21499912013998
45581047361955
9208725131036
95526602404715
70188163451574
94646831761301
27831519280698
13046197178931
47954098460279
57478309229948
13743774438641
34917062513572
96764725770970
52561919417999
7839751957377
70358844248881
67140227696562
94886524052585
59893295138529
18702303242648
60147096660566
27958819160697
85714939374805
57687337820955
44401274376971
95238259628460
65924705688543
10185856714423
87742539203831
30596539412774
98542128754507
64268308086910
58402265475311
66562992258887
1698437188859
9032931968411
41572420246877
69483106325961
31593093738413
31216840642405
25163629110449
40759420237880
30761338742575
71156001500759
52923520269099
64229309798124
27507675787602
50267709530563
46546883368665
4037801635290
48409000449652
91212825068183
64484983981033
249800826575
34190392773969
73739721898135
25069906613261
83613072163598
23814369555377
60739559760215
99647840550595
25144013889524
41709908228024
30973980352947
10893894939613
33142632625995
19777677134259
97689020069690
9797260475800
75435580623009
92920731809184
69731320497875
94797122195943
76480504564758
56461745573449
88325362314083
74486898613223
30832349375940
71102815313766
39425670280620
66895235893444
34016922208726
83910236276156
68175928451916
44178520318399
86631132843362
21093871853690
31855840768412
98791537058758
68572041091256
90784577416252
11079033860959
72115982314919
32233866517467
23140055193986
6097380603406
69655978585910
20645844596832
88651614630342
73891370284022
31704884995648
95702243058905
295335922427
69798854581645
88748205560555
28099359640028
88144075458700
92715475287448
65960620284145
96915253376469
44192422500586
28620426887095
45960308999458
25875686183548
44210847563786
73916208074440
27820467632399
80423548578604
47298949989983
69816136813656
86707877889623
41149406354347
4982232371712
57577223117468
20617941491193
4959306613930
38871530064315
24384520584544
56121316730541
77125754449435
43975117543698
30709028601932
99729530703365
80223997962832
43011764358157
66298816833784
13948186472937
78057023952264
76001854008492
74808736333801
44673672410170
16917018087446
89894483170926
44121496881979
10
